!FILE=Disk 
!KIND=Matrix 
!LABORATORY=Oslo Cyclotron Laboratory (OCL) 
!EXPERIMENT= oslo_method_python 
!COMMENT=Made by Oslo Method Python 
!TIME=DATE:28-Sep-20 09:39:31   
!CALIBRATION EkeV=6, 9.731148E+01, 2.621639E+02, 0.000000E+00, 9.731148E+01, 2.621639E+02, 0.000000E+00 
!PRECISION=16 
!DIMENSION=2,0:  22,0:  22 
!CHANNEL=(0:  22,0:  22) 
1.00000000E+00    0.00000000E+00    0.00000000E+00    0.00000000E+00    0.00000000E+00    0.00000000E+00    0.00000000E+00    0.00000000E+00    0.00000000E+00    0.00000000E+00    0.00000000E+00    0.00000000E+00    0.00000000E+00    0.00000000E+00    0.00000000E+00    0.00000000E+00    0.00000000E+00    0.00000000E+00    0.00000000E+00    0.00000000E+00    0.00000000E+00    0.00000000E+00    0.00000000E+00   
6.91655764E-02    9.30834424E-01    0.00000000E+00    0.00000000E+00    0.00000000E+00    0.00000000E+00    0.00000000E+00    0.00000000E+00    0.00000000E+00    0.00000000E+00    0.00000000E+00    0.00000000E+00    0.00000000E+00    0.00000000E+00    0.00000000E+00    0.00000000E+00    0.00000000E+00    0.00000000E+00    0.00000000E+00    0.00000000E+00    0.00000000E+00    0.00000000E+00    0.00000000E+00   
3.79931054E-02    1.66465697E-01    7.95541198E-01    0.00000000E+00    0.00000000E+00    0.00000000E+00    0.00000000E+00    0.00000000E+00    0.00000000E+00    0.00000000E+00    0.00000000E+00    0.00000000E+00    0.00000000E+00    0.00000000E+00    0.00000000E+00    0.00000000E+00    0.00000000E+00    0.00000000E+00    0.00000000E+00    0.00000000E+00    0.00000000E+00    0.00000000E+00    0.00000000E+00   
9.56687727E-03    1.74507307E-01    1.50554645E-01    6.65371170E-01    0.00000000E+00    0.00000000E+00    0.00000000E+00    0.00000000E+00    0.00000000E+00    0.00000000E+00    0.00000000E+00    0.00000000E+00    0.00000000E+00    0.00000000E+00    0.00000000E+00    0.00000000E+00    0.00000000E+00    0.00000000E+00    0.00000000E+00    0.00000000E+00    0.00000000E+00    0.00000000E+00    0.00000000E+00   
8.18789291E-03    1.51298710E-01    1.49210001E-01    1.19573853E-01    5.71729543E-01    0.00000000E+00    0.00000000E+00    0.00000000E+00    0.00000000E+00    0.00000000E+00    0.00000000E+00    0.00000000E+00    0.00000000E+00    0.00000000E+00    0.00000000E+00    0.00000000E+00    0.00000000E+00    0.00000000E+00    0.00000000E+00    0.00000000E+00    0.00000000E+00    0.00000000E+00    0.00000000E+00   
7.75733082E-03    1.33211506E-01    1.30153734E-01    1.42563356E-01    7.09409370E-02    5.14300133E-01    1.07300400E-03    0.00000000E+00    0.00000000E+00    0.00000000E+00    0.00000000E+00    0.00000000E+00    0.00000000E+00    0.00000000E+00    0.00000000E+00    0.00000000E+00    0.00000000E+00    0.00000000E+00    0.00000000E+00    0.00000000E+00    0.00000000E+00    0.00000000E+00    0.00000000E+00   
7.01641236E-03    9.88925877E-02    1.13921355E-01    1.05881247E-01    1.25574794E-01    7.12082161E-02    4.74753992E-01    2.75139506E-03    0.00000000E+00    0.00000000E+00    0.00000000E+00    0.00000000E+00    0.00000000E+00    0.00000000E+00    0.00000000E+00    0.00000000E+00    0.00000000E+00    0.00000000E+00    0.00000000E+00    0.00000000E+00    0.00000000E+00    0.00000000E+00    0.00000000E+00   
7.58484152E-03    1.04254716E-01    9.52289621E-02    8.54395703E-02    9.50810908E-02    1.14796709E-01    6.43651936E-02    4.30344877E-01    2.90404046E-03    0.00000000E+00    0.00000000E+00    0.00000000E+00    0.00000000E+00    0.00000000E+00    0.00000000E+00    0.00000000E+00    0.00000000E+00    0.00000000E+00    0.00000000E+00    0.00000000E+00    0.00000000E+00    0.00000000E+00    0.00000000E+00   
9.22438298E-03    1.13137988E-01    8.67468381E-02    7.05965951E-02    7.00431131E-02    7.99199981E-02    1.20831385E-01    5.41440836E-02    3.93311942E-01    2.04367363E-03    0.00000000E+00    0.00000000E+00    0.00000000E+00    0.00000000E+00    0.00000000E+00    0.00000000E+00    0.00000000E+00    0.00000000E+00    0.00000000E+00    0.00000000E+00    0.00000000E+00    0.00000000E+00    0.00000000E+00   
1.12529493E-02    1.19230028E-01    8.04825232E-02    6.32632989E-02    5.94908687E-02    6.05506854E-02    7.04743510E-02    1.18450390E-01    4.56580352E-02    3.69911187E-01    1.23568264E-03    0.00000000E+00    0.00000000E+00    0.00000000E+00    0.00000000E+00    0.00000000E+00    0.00000000E+00    0.00000000E+00    0.00000000E+00    0.00000000E+00    0.00000000E+00    0.00000000E+00    0.00000000E+00   
1.31393979E-02    1.23123981E-01    9.56149768E-02    6.21812031E-02    5.47176760E-02    4.95235945E-02    5.16413232E-02    6.11233050E-02    1.14935387E-01    3.58439465E-02    3.37789455E-01    3.65754461E-04    0.00000000E+00    0.00000000E+00    0.00000000E+00    0.00000000E+00    0.00000000E+00    0.00000000E+00    0.00000000E+00    0.00000000E+00    0.00000000E+00    0.00000000E+00    0.00000000E+00   
6.34960676E-03    1.19337394E-01    9.25005664E-02    5.70405422E-02    4.94370566E-02    4.58215086E-02    4.61536138E-02    5.64119198E-02    6.11308431E-02    1.19350681E-01    2.93855399E-02    3.17080728E-01    0.00000000E+00    0.00000000E+00    0.00000000E+00    0.00000000E+00    0.00000000E+00    0.00000000E+00    0.00000000E+00    0.00000000E+00    0.00000000E+00    0.00000000E+00    0.00000000E+00   
2.01165680E-03    1.14964603E-01    8.65386352E-02    5.12502995E-02    4.40225657E-02    4.21035925E-02    4.10026064E-02    4.44713030E-02    5.40121945E-02    6.38991012E-02    1.25056718E-01    3.05716670E-02    2.99881446E-01    1.43100291E-04    7.05100288E-05    0.00000000E+00    0.00000000E+00    0.00000000E+00    0.00000000E+00    0.00000000E+00    0.00000000E+00    0.00000000E+00    0.00000000E+00   
4.60715440E-03    1.12822283E-01    8.35982047E-02    5.59751466E-02    4.26944763E-02    3.67314547E-02    3.55258122E-02    3.47186438E-02    3.80247478E-02    5.94145439E-02    6.25630438E-02    1.24920454E-01    3.43658026E-02    2.73477389E-01    3.75715716E-04    1.85126989E-04    0.00000000E+00    0.00000000E+00    0.00000000E+00    0.00000000E+00    0.00000000E+00    0.00000000E+00    0.00000000E+00   
7.08536049E-03    1.11119476E-01    9.05664172E-02    5.04794275E-02    3.63871201E-02    3.50301596E-02    3.12348485E-02    3.03331529E-02    2.96158151E-02    3.27049679E-02    6.02890185E-02    7.16114549E-02    1.25373016E-01    3.80696729E-02    2.49207872E-01    5.97709882E-04    2.94510519E-04    0.00000000E+00    0.00000000E+00    0.00000000E+00    0.00000000E+00    0.00000000E+00    0.00000000E+00   
9.65867100E-03    1.11929347E-01    8.62314372E-02    4.46107354E-02    3.93627220E-02    3.20740703E-02    2.85997894E-02    2.68036341E-02    2.65620897E-02    2.76705095E-02    3.60498361E-02    5.83544047E-02    6.84756862E-02    1.28767190E-01    4.25264746E-02    2.31088315E-01    8.27401276E-04    4.07686717E-04    0.00000000E+00    0.00000000E+00    0.00000000E+00    0.00000000E+00    0.00000000E+00   
1.20059549E-02    1.10722137E-01    9.46051411E-02    4.87570596E-02    3.90805685E-02    3.12530498E-02    2.79068169E-02    2.33535146E-02    2.27631831E-02    2.21261873E-02    2.42708363E-02    3.35222244E-02    5.56818868E-02    6.44743229E-02    1.32582420E-01    4.61307762E-02    2.09215154E-01    1.03753826E-03    5.11227841E-04    0.00000000E+00    0.00000000E+00    0.00000000E+00    0.00000000E+00   
1.41865665E-02    1.12785764E-01    9.38264264E-02    4.35661478E-02    3.54248813E-02    2.89103870E-02    2.52942191E-02    2.29190481E-02    2.11359390E-02    2.07244672E-02    2.00521044E-02    2.25592772E-02    3.27394952E-02    5.55169832E-02    6.37039579E-02    1.35613266E-01    5.11144268E-02    1.98100644E-01    1.23817739E-03    5.87820962E-04    0.00000000E+00    0.00000000E+00    0.00000000E+00   
1.39522958E-02    1.09696735E-01    8.62870245E-02    3.81771884E-02    3.12806895E-02    3.04737547E-02    2.54129872E-02    2.26862759E-02    2.10556527E-02    1.97513464E-02    1.98452775E-02    1.97933454E-02    2.30402633E-02    3.24877217E-02    5.52170649E-02    6.39668334E-02    1.37531796E-01    5.40401085E-02    1.93565566E-01    1.24780907E-03    4.90264887E-04    0.00000000E+00    0.00000000E+00   
1.36675363E-02    1.06214139E-01    7.88291254E-02    4.33826424E-02    3.19138716E-02    2.65855010E-02    2.24963397E-02    2.02950127E-02    1.90798539E-02    1.93419912E-02    1.84744153E-02    1.90131611E-02    2.05524836E-02    2.33187703E-02    3.21944733E-02    5.47979807E-02    6.40769756E-02    1.39028359E-01    5.67598197E-02    1.88333529E-01    1.25284221E-03    3.91177461E-04    0.00000000E+00   
1.33686928E-02    1.02631668E-01    8.16768770E-02    3.78831831E-02    2.94307348E-02    2.42975319E-02    2.23919877E-02    1.95815736E-02    1.82298429E-02    1.74692144E-02    1.70337822E-02    1.73241067E-02    1.96146320E-02    2.07112300E-02    2.35853606E-02    3.19281370E-02    5.43846454E-02    6.41782115E-02    1.40420967E-01    5.93916119E-02    1.82917287E-01    1.25634952E-03    2.92372764E-04   
1.31345799E-02    9.95512610E-02    8.30170159E-02    3.33240818E-02    2.60239534E-02    2.34564430E-02    1.99677153E-02    1.76208913E-02    1.73013567E-02    1.64837854E-02    1.64869623E-02    1.63464132E-02    1.76549219E-02    1.93819310E-02    2.09841775E-02    2.39789037E-02    3.18669604E-02    5.42879376E-02    6.46411345E-02    1.42536540E-01    6.22952175E-02    1.78392003E-01    1.26581429E-03   
1.28924396E-02    9.64097967E-02    7.58708502E-02    3.60735267E-02    2.94020605E-02    2.30846547E-02    1.72783521E-02    1.63890830E-02    1.52190228E-02    1.48817573E-02    1.51703742E-02    1.53254028E-02    1.54864470E-02    1.71260116E-02    1.90731832E-02    2.12591653E-02    2.43720102E-02    3.18303464E-02    5.42058042E-02    6.51131043E-02    1.44617725E-01    6.51614124E-02    1.73757470E-01   
!IDEND=

