!FILE=Disk 
!KIND=Matrix 
!LABORATORY=Oslo Cyclotron Laboratory (OCL) 
!EXPERIMENT= oslo_method_python 
!COMMENT=Made by OMpy 
!TIME=DATE:22-Oct-20 16:37:21   
!CALIBRATION EkeV=6, 1.500000E+02, 3.000000E+02, 0.000000E+00, 1.500000E+02, 3.000000E+02, 0.000000E+00 
!PRECISION=16 
!DIMENSION=2,0:  19,0:  19 
!CHANNEL=(0:  19,0:  19) 
1.00000000E+00    4.09098758E-240   0.00000000E+00    0.00000000E+00    0.00000000E+00    0.00000000E+00    0.00000000E+00    0.00000000E+00    0.00000000E+00    0.00000000E+00    0.00000000E+00    0.00000000E+00    0.00000000E+00    0.00000000E+00    0.00000000E+00    0.00000000E+00    0.00000000E+00    0.00000000E+00    0.00000000E+00    0.00000000E+00   
1.14444175E-01    8.85555825E-01    0.00000000E+00    0.00000000E+00    0.00000000E+00    0.00000000E+00    0.00000000E+00    0.00000000E+00    0.00000000E+00    0.00000000E+00    0.00000000E+00    0.00000000E+00    0.00000000E+00    0.00000000E+00    0.00000000E+00    0.00000000E+00    0.00000000E+00    0.00000000E+00    0.00000000E+00    0.00000000E+00   
5.90201857E-02    1.93565746E-01    7.36345201E-01    1.10688682E-02    0.00000000E+00    0.00000000E+00    0.00000000E+00    0.00000000E+00    0.00000000E+00    0.00000000E+00    0.00000000E+00    0.00000000E+00    0.00000000E+00    0.00000000E+00    0.00000000E+00    0.00000000E+00    0.00000000E+00    0.00000000E+00    0.00000000E+00    0.00000000E+00   
3.70462059E-02    1.99062282E-01    1.34085853E-01    6.13907066E-01    1.58985933E-02    0.00000000E+00    0.00000000E+00    0.00000000E+00    0.00000000E+00    0.00000000E+00    0.00000000E+00    0.00000000E+00    0.00000000E+00    0.00000000E+00    0.00000000E+00    0.00000000E+00    0.00000000E+00    0.00000000E+00    0.00000000E+00    0.00000000E+00   
3.07324966E-02    1.67217205E-01    1.53716433E-01    1.16114435E-01    5.15413888E-01    1.68055416E-02    0.00000000E+00    0.00000000E+00    0.00000000E+00    0.00000000E+00    0.00000000E+00    0.00000000E+00    0.00000000E+00    0.00000000E+00    0.00000000E+00    0.00000000E+00    0.00000000E+00    0.00000000E+00    0.00000000E+00    0.00000000E+00   
2.76328334E-02    1.24908498E-01    1.27083747E-01    1.35457997E-01    1.00846781E-01    4.82743184E-01    1.32695993E-03    0.00000000E+00    0.00000000E+00    0.00000000E+00    0.00000000E+00    0.00000000E+00    0.00000000E+00    0.00000000E+00    0.00000000E+00    0.00000000E+00    0.00000000E+00    0.00000000E+00    0.00000000E+00    0.00000000E+00   
2.76274095E-02    1.26762579E-01    9.84766098E-02    1.01571693E-01    1.23610752E-01    8.64913721E-02    4.33953016E-01    1.50656904E-03    0.00000000E+00    0.00000000E+00    0.00000000E+00    0.00000000E+00    0.00000000E+00    0.00000000E+00    0.00000000E+00    0.00000000E+00    0.00000000E+00    0.00000000E+00    0.00000000E+00    0.00000000E+00   
3.34683551E-02    7.09765221E-02    9.63321015E-02    7.94785884E-02    9.08279405E-02    1.37772396E-01    7.98582357E-02    4.10138813E-01    1.14704672E-03    0.00000000E+00    0.00000000E+00    0.00000000E+00    0.00000000E+00    0.00000000E+00    0.00000000E+00    0.00000000E+00    0.00000000E+00    0.00000000E+00    0.00000000E+00    0.00000000E+00   
3.67771557E-02    1.21877251E-01    8.81505632E-02    6.52944870E-02    6.31138036E-02    7.46821001E-02    1.26643441E-01    6.72341271E-02    3.55523973E-01    7.03098734E-04    0.00000000E+00    0.00000000E+00    0.00000000E+00    0.00000000E+00    0.00000000E+00    0.00000000E+00    0.00000000E+00    0.00000000E+00    0.00000000E+00    0.00000000E+00   
4.09575780E-02    1.39861855E-01    8.02224592E-02    6.00289700E-02    5.16951115E-02    5.34886940E-02    6.65292760E-02    1.25127934E-01    5.89130864E-02    3.22862223E-01    3.12813199E-04    0.00000000E+00    0.00000000E+00    0.00000000E+00    0.00000000E+00    0.00000000E+00    0.00000000E+00    0.00000000E+00    0.00000000E+00    0.00000000E+00   
2.08494883E-02    1.31843022E-01    7.42798400E-02    5.30497073E-02    4.97531258E-02    4.80633444E-02    5.64930582E-02    7.78937702E-02    1.31519292E-01    5.58629237E-02    3.00322906E-01    6.94152712E-05    1.06577048E-07    0.00000000E+00    0.00000000E+00    0.00000000E+00    0.00000000E+00    0.00000000E+00    0.00000000E+00    0.00000000E+00   
2.59675014E-02    1.24230246E-01    7.04246904E-02    5.75504778E-02    4.57755029E-02    4.27242839E-02    4.16850778E-02    5.19818648E-02    7.30855824E-02    1.28157437E-01    5.67622900E-02    2.81317327E-01    3.37078998E-04    6.40208859E-07    0.00000000E+00    0.00000000E+00    0.00000000E+00    0.00000000E+00    0.00000000E+00    0.00000000E+00   
2.83088205E-02    1.08910827E-01    7.68953474E-02    4.72564762E-02    3.60188830E-02    3.36819408E-02    3.35584116E-02    3.29432286E-02    4.37156449E-02    6.25512721E-02    1.13789526E-01    1.03511743E-01    2.71802866E-01    4.25074321E-03    2.80211254E-03    1.07840308E-06    1.07840308E-06    0.00000000E+00    0.00000000E+00    0.00000000E+00   
3.36782637E-02    1.14041481E-01    6.85467882E-02    4.23092892E-02    3.80338810E-02    3.21338999E-02    2.98938676E-02    2.91391797E-02    2.91319137E-02    4.13579295E-02    6.01517773E-02    1.13466116E-01    1.05367961E-01    2.56289159E-01    4.32808830E-03    2.12717891E-03    1.61332867E-06    1.61332867E-06    0.00000000E+00    0.00000000E+00   
3.78980004E-02    1.28232763E-01    7.22073352E-02    4.80782864E-02    3.69251542E-02    3.07299979E-02    2.77588185E-02    2.56161688E-02    2.49179276E-02    2.47178349E-02    3.78402949E-02    5.59057148E-02    1.09345169E-01    1.03338462E-01    2.30865952E-01    4.25874859E-03    1.35917494E-03    2.09877961E-06    2.09877961E-06    0.00000000E+00   
3.91503468E-02    1.24337218E-01    6.32044854E-02    3.96477255E-02    3.14349423E-02    2.67090979E-02    2.40184667E-02    2.23587642E-02    2.20328188E-02    2.21198813E-02    3.11321157E-02    5.03536085E-02    7.27119172E-02    1.08036769E-01    1.02698924E-01    2.13919312E-01    5.21025275E-03    9.19202275E-04    2.07629258E-06    2.07629258E-06   
3.80026848E-02    1.08363253E-01    5.60786250E-02    4.06894929E-02    3.21916155E-02    2.63751076E-02    2.30125888E-02    2.12766568E-02    2.01668847E-02    2.04505033E-02    2.12151991E-02    2.98081838E-02    4.78120058E-02    6.98936592E-02    1.25538872E-01    1.04223317E-01    2.06983794E-01    7.11724595E-03    7.98698958E-04    1.61161512E-06   
3.78157509E-02    9.69979667E-02    6.11344706E-02    3.61999863E-02    2.84330428E-02    2.26605160E-02    2.01933227E-02    2.03971558E-02    1.93698542E-02    1.87497750E-02    2.10672029E-02    2.25519460E-02    2.93571962E-02    4.66711501E-02    6.90290457E-02    1.25970555E-01    1.08259411E-01    2.05286881E-01    9.15364680E-03    7.01124236E-04   
4.12573528E-02    1.16494099E-01    5.67745328E-02    3.38994706E-02    2.67835599E-02    2.47934956E-02    2.14483754E-02    1.96200762E-02    1.89314342E-02    1.94116489E-02    2.07810361E-02    2.27994785E-02    2.50931737E-02    3.17891434E-02    5.00659039E-02    7.48918175E-02    1.38694528E-01    7.98974369E-02    1.75126346E-01    1.44709023E-03   
4.37616159E-02    1.12111892E-01    6.34054626E-02    3.84940440E-02    3.09784799E-02    2.46239423E-02    1.96585638E-02    1.92742215E-02    1.88007257E-02    1.89380743E-02    1.91501193E-02    2.12418651E-02    2.40516653E-02    2.71593235E-02    3.35445151E-02    5.23166304E-02    7.91202775E-02    1.48555556E-01    3.68971235E-02    1.67915902E-01   
!IDEND=

