!FILE=Disk 
!KIND=Matrix 
!LABORATORY=Oslo Cyclotron Laboratory (OCL) 
!EXPERIMENT= oslo_method_python 
!COMMENT=Made by OMpy 
!TIME=DATE:22-Oct-20 16:37:21   
!CALIBRATION EkeV=6, 1.500000E+02, 3.000000E+02, 0.000000E+00, 1.500000E+02, 3.000000E+02, 0.000000E+00 
!PRECISION=16 
!DIMENSION=2,0:  19,0:  19 
!CHANNEL=(0:  19,0:  19) 
1.00000000E+00    0.00000000E+00    0.00000000E+00    0.00000000E+00    0.00000000E+00    0.00000000E+00    0.00000000E+00    0.00000000E+00    0.00000000E+00    0.00000000E+00    0.00000000E+00    0.00000000E+00    0.00000000E+00    0.00000000E+00    0.00000000E+00    0.00000000E+00    0.00000000E+00    0.00000000E+00    0.00000000E+00    0.00000000E+00   
1.14444175E-01    8.85555825E-01    0.00000000E+00    0.00000000E+00    0.00000000E+00    0.00000000E+00    0.00000000E+00    0.00000000E+00    0.00000000E+00    0.00000000E+00    0.00000000E+00    0.00000000E+00    0.00000000E+00    0.00000000E+00    0.00000000E+00    0.00000000E+00    0.00000000E+00    0.00000000E+00    0.00000000E+00    0.00000000E+00   
5.96807844E-02    1.95732280E-01    7.44586935E-01    0.00000000E+00    0.00000000E+00    0.00000000E+00    0.00000000E+00    0.00000000E+00    0.00000000E+00    0.00000000E+00    0.00000000E+00    0.00000000E+00    0.00000000E+00    0.00000000E+00    0.00000000E+00    0.00000000E+00    0.00000000E+00    0.00000000E+00    0.00000000E+00    0.00000000E+00   
3.76447038E-02    2.02278221E-01    1.36252070E-01    6.23825006E-01    0.00000000E+00    0.00000000E+00    0.00000000E+00    0.00000000E+00    0.00000000E+00    0.00000000E+00    0.00000000E+00    0.00000000E+00    0.00000000E+00    0.00000000E+00    0.00000000E+00    0.00000000E+00    0.00000000E+00    0.00000000E+00    0.00000000E+00    0.00000000E+00   
3.12578009E-02    1.70075415E-01    1.56343877E-01    1.18099155E-01    5.24223752E-01    0.00000000E+00    0.00000000E+00    0.00000000E+00    0.00000000E+00    0.00000000E+00    0.00000000E+00    0.00000000E+00    0.00000000E+00    0.00000000E+00    0.00000000E+00    0.00000000E+00    0.00000000E+00    0.00000000E+00    0.00000000E+00    0.00000000E+00   
2.76328334E-02    1.24908498E-01    1.27083747E-01    1.35457997E-01    1.00846781E-01    4.82743184E-01    1.32695993E-03    0.00000000E+00    0.00000000E+00    0.00000000E+00    0.00000000E+00    0.00000000E+00    0.00000000E+00    0.00000000E+00    0.00000000E+00    0.00000000E+00    0.00000000E+00    0.00000000E+00    0.00000000E+00    0.00000000E+00   
2.71587663E-02    1.24612309E-01    9.68061532E-02    9.98487342E-02    1.21513945E-01    9.39802555E-02    4.32433843E-01    3.59577624E-03    5.02177501E-05    0.00000000E+00    0.00000000E+00    0.00000000E+00    0.00000000E+00    0.00000000E+00    0.00000000E+00    0.00000000E+00    0.00000000E+00    0.00000000E+00    0.00000000E+00    0.00000000E+00   
3.18950088E-02    6.76399180E-02    9.18035324E-02    7.57423025E-02    8.65581218E-02    1.31295720E-01    1.00924062E-01    4.07048485E-01    6.95367900E-03    1.39169835E-04    0.00000000E+00    0.00000000E+00    0.00000000E+00    0.00000000E+00    0.00000000E+00    0.00000000E+00    0.00000000E+00    0.00000000E+00    0.00000000E+00    0.00000000E+00   
3.41283498E-02    1.13099270E-01    8.18016837E-02    6.05917736E-02    5.85681499E-02    6.93032612E-02    1.17522182E-01    1.00416958E-01    3.54724818E-01    9.63033394E-03    2.13219607E-04    0.00000000E+00    0.00000000E+00    0.00000000E+00    0.00000000E+00    0.00000000E+00    0.00000000E+00    0.00000000E+00    0.00000000E+00    0.00000000E+00   
3.69573500E-02    1.26201884E-01    7.23873249E-02    5.41660852E-02    4.66461746E-02    4.82645822E-02    6.00315142E-02    1.12906977E-01    1.04873199E-01    3.25148516E-01    1.21391473E-02    2.77245680E-04    0.00000000E+00    0.00000000E+00    0.00000000E+00    0.00000000E+00    0.00000000E+00    0.00000000E+00    0.00000000E+00    0.00000000E+00   
1.89289609E-02    1.19698449E-01    6.74376351E-02    4.81630925E-02    4.51701719E-02    4.36360428E-02    5.12892610E-02    7.07185757E-02    1.19404545E-01    1.02856850E-01    3.08383263E-01    4.27210522E-03    4.09513913E-05    9.67598216E-08    0.00000000E+00    0.00000000E+00    0.00000000E+00    0.00000000E+00    0.00000000E+00    0.00000000E+00   
2.35976885E-02    1.12892904E-01    6.39976822E-02    5.22983796E-02    4.15979974E-02    3.88252349E-02    3.78808659E-02    4.72379459E-02    6.64152631E-02    1.16461713E-01    1.03315254E-01    2.91024915E-01    4.20734905E-03    2.46226380E-04    5.81782936E-07    0.00000000E+00    0.00000000E+00    0.00000000E+00    0.00000000E+00    0.00000000E+00   
2.83754114E-02    1.09167018E-01    7.70762284E-02    4.73676377E-02    3.61036103E-02    3.37611709E-02    3.36373511E-02    3.30207067E-02    4.38184107E-02    6.26959781E-02    1.14059120E-01    1.03632543E-01    2.72691985E-01    4.13426481E-03    4.57483161E-04    1.08093981E-06    0.00000000E+00    0.00000000E+00    0.00000000E+00    0.00000000E+00   
3.37270325E-02    1.14206622E-01    6.86460495E-02    4.23705565E-02    3.80889572E-02    3.21804324E-02    2.99371564E-02    2.91813756E-02    2.91740279E-02    4.14174864E-02    6.02312924E-02    1.13638796E-01    1.05305454E-01    2.57097797E-01    4.11155563E-03    6.83793381E-04    1.61566490E-06    0.00000000E+00    0.00000000E+00    0.00000000E+00   
3.79159352E-02    1.28293447E-01    7.22415064E-02    4.81010388E-02    3.69426286E-02    3.07445404E-02    2.77719550E-02    2.56282913E-02    2.49297197E-02    2.47291918E-02    3.78574398E-02    5.59142111E-02    1.09420165E-01    1.03073514E-01    2.31610858E-01    3.93477805E-03    8.88681036E-04    2.09977283E-06    0.00000000E+00    0.00000000E+00   
3.95329421E-02    1.25552299E-01    6.38221488E-02    4.00351814E-02    3.17421391E-02    2.69701115E-02    2.42531863E-02    2.25772644E-02    2.22481337E-02    2.23360470E-02    3.14353672E-02    5.08444013E-02    7.33876827E-02    1.09142009E-01    9.98014498E-02    2.11930976E-01    3.49923343E-03    8.87331044E-04    2.09658307E-06    0.00000000E+00   
3.90929832E-02    1.11472198E-01    5.76875228E-02    4.18568759E-02    3.31151941E-02    2.71318103E-02    2.36728208E-02    2.18870849E-02    2.07454734E-02    2.10372290E-02    2.18238639E-02    3.06612369E-02    4.91821192E-02    7.18403207E-02    1.29226991E-01    9.64395585E-02    1.99568766E-01    2.85464477E-03    7.01648284E-04    1.65785241E-06   
3.96502844E-02    1.01703573E-01    6.41002517E-02    3.79561352E-02    2.98123985E-02    2.37598324E-02    2.11729496E-02    2.13866711E-02    2.03095327E-02    1.96593720E-02    2.20892238E-02    2.36459954E-02    3.07774018E-02    4.89336956E-02    7.22824296E-02    1.32225167E-01    9.55176250E-02    1.92207735E-01    2.27744064E-03    5.32286187E-04   
3.99924944E-02    1.12922650E-01    5.50339523E-02    3.28601884E-02    2.59624357E-02    2.40333823E-02    2.07908161E-02    1.90185684E-02    1.83510386E-02    1.88165311E-02    2.01439359E-02    2.21004973E-02    2.43238730E-02    3.08081591E-02    4.85294593E-02    7.24492805E-02    1.34669149E-01    9.40117419E-02    1.83511665E-01    1.67018134E-03   
4.03324499E-02    1.03326789E-01    5.84370021E-02    3.54776456E-02    2.85510021E-02    2.26944069E-02    1.81181161E-02    1.77638909E-02    1.73274983E-02    1.74540843E-02    1.76495134E-02    1.95773497E-02    2.21669735E-02    2.50311153E-02    3.09063688E-02    4.82158657E-02    7.27121654E-02    1.37244154E-01    9.24468821E-02    1.74566727E-01   
!IDEND=

