!FILE=Disk 
!KIND=Matrix 
!LABORATORY=Oslo Cyclotron Laboratory (OCL) 
!EXPERIMENT= oslo_method_python 
!COMMENT=Made by OMpy 
!TIME=DATE:28-Sep-20 11:38:36   
!CALIBRATION EkeV=6, 1.280000E+02, 2.560000E+02, 0.000000E+00, 1.280000E+02, 2.560000E+02, 0.000000E+00 
!PRECISION=16 
!DIMENSION=2,0:  22,0:  22 
!CHANNEL=(0:  22,0:  22) 
1.00000000E+00    0.00000000E+00    0.00000000E+00    0.00000000E+00    0.00000000E+00    0.00000000E+00    0.00000000E+00    0.00000000E+00    0.00000000E+00    0.00000000E+00    0.00000000E+00    0.00000000E+00    0.00000000E+00    0.00000000E+00    0.00000000E+00    0.00000000E+00    0.00000000E+00    0.00000000E+00    0.00000000E+00    0.00000000E+00    0.00000000E+00    0.00000000E+00    0.00000000E+00   
8.92736988E-02    9.10726301E-01    0.00000000E+00    0.00000000E+00    0.00000000E+00    0.00000000E+00    0.00000000E+00    0.00000000E+00    0.00000000E+00    0.00000000E+00    0.00000000E+00    0.00000000E+00    0.00000000E+00    0.00000000E+00    0.00000000E+00    0.00000000E+00    0.00000000E+00    0.00000000E+00    0.00000000E+00    0.00000000E+00    0.00000000E+00    0.00000000E+00    0.00000000E+00   
5.09560848E-02    1.61699764E-01    7.87344151E-01    0.00000000E+00    0.00000000E+00    0.00000000E+00    0.00000000E+00    0.00000000E+00    0.00000000E+00    0.00000000E+00    0.00000000E+00    0.00000000E+00    0.00000000E+00    0.00000000E+00    0.00000000E+00    0.00000000E+00    0.00000000E+00    0.00000000E+00    0.00000000E+00    0.00000000E+00    0.00000000E+00    0.00000000E+00    0.00000000E+00   
1.84278134E-02    1.79536219E-01    1.40747191E-01    6.61288777E-01    0.00000000E+00    0.00000000E+00    0.00000000E+00    0.00000000E+00    0.00000000E+00    0.00000000E+00    0.00000000E+00    0.00000000E+00    0.00000000E+00    0.00000000E+00    0.00000000E+00    0.00000000E+00    0.00000000E+00    0.00000000E+00    0.00000000E+00    0.00000000E+00    0.00000000E+00    0.00000000E+00    0.00000000E+00   
1.60590818E-02    1.55504126E-01    1.44079263E-01    1.16773945E-01    5.67583584E-01    0.00000000E+00    0.00000000E+00    0.00000000E+00    0.00000000E+00    0.00000000E+00    0.00000000E+00    0.00000000E+00    0.00000000E+00    0.00000000E+00    0.00000000E+00    0.00000000E+00    0.00000000E+00    0.00000000E+00    0.00000000E+00    0.00000000E+00    0.00000000E+00    0.00000000E+00    0.00000000E+00   
1.51339874E-02    1.34633498E-01    1.26723874E-01    1.39771937E-01    6.77792418E-02    5.14594693E-01    1.36276834E-03    0.00000000E+00    0.00000000E+00    0.00000000E+00    0.00000000E+00    0.00000000E+00    0.00000000E+00    0.00000000E+00    0.00000000E+00    0.00000000E+00    0.00000000E+00    0.00000000E+00    0.00000000E+00    0.00000000E+00    0.00000000E+00    0.00000000E+00    0.00000000E+00   
1.32378324E-02    1.02183191E-01    1.11000138E-01    1.03293188E-01    1.23414943E-01    6.92040112E-02    4.74238394E-01    3.42830274E-03    0.00000000E+00    0.00000000E+00    0.00000000E+00    0.00000000E+00    0.00000000E+00    0.00000000E+00    0.00000000E+00    0.00000000E+00    0.00000000E+00    0.00000000E+00    0.00000000E+00    0.00000000E+00    0.00000000E+00    0.00000000E+00    0.00000000E+00   
1.34561984E-02    1.06584742E-01    9.17930333E-02    8.38209234E-02    9.33085618E-02    1.12592435E-01    6.39428742E-02    4.30759686E-01    3.74154648E-03    0.00000000E+00    0.00000000E+00    0.00000000E+00    0.00000000E+00    0.00000000E+00    0.00000000E+00    0.00000000E+00    0.00000000E+00    0.00000000E+00    0.00000000E+00    0.00000000E+00    0.00000000E+00    0.00000000E+00    0.00000000E+00   
1.58695735E-02    9.83557580E-02    8.79199326E-02    7.00668437E-02    6.98862177E-02    7.94492021E-02    1.19818852E-01    5.55348739E-02    4.00344401E-01    2.75434545E-03    0.00000000E+00    0.00000000E+00    0.00000000E+00    0.00000000E+00    0.00000000E+00    0.00000000E+00    0.00000000E+00    0.00000000E+00    0.00000000E+00    0.00000000E+00    0.00000000E+00    0.00000000E+00    0.00000000E+00   
1.85159638E-02    1.00242695E-01    7.88485295E-02    6.20917181E-02    5.86530034E-02    5.98164057E-02    6.90587393E-02    1.30287912E-01    4.74696829E-02    3.73247194E-01    1.76815693E-03    0.00000000E+00    0.00000000E+00    0.00000000E+00    0.00000000E+00    0.00000000E+00    0.00000000E+00    0.00000000E+00    0.00000000E+00    0.00000000E+00    0.00000000E+00    0.00000000E+00    0.00000000E+00   
2.01008263E-02    1.12290520E-01    8.56610426E-02    5.84601909E-02    5.13463063E-02    4.68012319E-02    5.55797366E-02    8.05836318E-02    1.25349798E-01    3.69463212E-02    3.26177830E-01    7.02564877E-04    0.00000000E+00    0.00000000E+00    0.00000000E+00    0.00000000E+00    0.00000000E+00    0.00000000E+00    0.00000000E+00    0.00000000E+00    0.00000000E+00    0.00000000E+00    0.00000000E+00   
1.41688649E-02    1.17291668E-01    8.26150690E-02    5.27471231E-02    4.60929676E-02    4.23076327E-02    4.30842545E-02    5.76224670E-02    7.80992907E-02    1.30832486E-01    3.11690771E-02    3.03903311E-01    6.57883195E-05    0.00000000E+00    0.00000000E+00    0.00000000E+00    0.00000000E+00    0.00000000E+00    0.00000000E+00    0.00000000E+00    0.00000000E+00    0.00000000E+00    0.00000000E+00   
5.31461585E-03    1.09886361E-01    7.78485893E-02    4.75274603E-02    4.17586373E-02    3.99319527E-02    3.89498112E-02    4.17302837E-02    6.37143391E-02    7.47564648E-02    1.36134198E-01    3.22017451E-02    2.89988253E-01    1.82693217E-04    6.89414807E-05    5.65298358E-06    0.00000000E+00    0.00000000E+00    0.00000000E+00    0.00000000E+00    0.00000000E+00    0.00000000E+00    0.00000000E+00   
8.89334412E-03    1.02062008E-01    7.31728257E-02    5.39672928E-02    4.13308682E-02    3.59123305E-02    3.47252729E-02    3.39505558E-02    3.93346667E-02    6.06826961E-02    7.04569716E-02    1.34258161E-01    3.72046356E-02    2.73199725E-01    6.02600714E-04    2.27398620E-04    1.86459683E-05    0.00000000E+00    0.00000000E+00    0.00000000E+00    0.00000000E+00    0.00000000E+00    0.00000000E+00   
1.24343147E-02    9.62653174E-02    8.82637530E-02    4.95373366E-02    3.60883838E-02    3.21415953E-02    3.12475718E-02    3.03358975E-02    3.03819696E-02    3.64687630E-02    5.80420487E-02    6.65623169E-02    1.32618703E-01    4.21134786E-02    2.56063753E-01    1.01881234E-03    3.84461080E-04    3.15245937E-05    0.00000000E+00    0.00000000E+00    0.00000000E+00    0.00000000E+00    0.00000000E+00   
1.62307971E-02    9.10976855E-02    8.34753263E-02    4.46463091E-02    3.98497853E-02    3.24268127E-02    2.90484911E-02    2.68871030E-02    2.65420188E-02    2.73719217E-02    3.45856198E-02    5.67694143E-02    6.41971331E-02    1.33676734E-01    4.78195513E-02    2.43323154E-01    1.45717255E-03    5.49881569E-04    4.50885512E-05    0.00000000E+00    0.00000000E+00    0.00000000E+00    0.00000000E+00   
1.95446197E-02    1.02953519E-01    8.93387328E-02    5.01583226E-02    3.37214417E-02    2.83791796E-02    2.63602933E-02    2.39516157E-02    2.33342343E-02    2.26558783E-02    2.39440817E-02    3.19661606E-02    5.41132892E-02    6.02537072E-02    1.31099656E-01    5.21157589E-02    2.23501352E-01    1.85198399E-03    6.98868413E-04    5.73050016E-05    0.00000000E+00    0.00000000E+00    0.00000000E+00   
2.30425692E-02    1.13545774E-01    8.74858123E-02    4.33723052E-02    3.54690850E-02    2.90632726E-02    2.53434592E-02    2.29307771E-02    2.10314935E-02    2.04994123E-02    1.97812507E-02    2.11681228E-02    3.00077387E-02    5.24019227E-02    5.73743850E-02    1.30441119E-01    5.69880322E-02    2.06866858E-01    2.26272826E-03    8.53867696E-04    7.00144530E-05    0.00000000E+00    0.00000000E+00   
2.35392800E-02    1.05630617E-01    7.99205803E-02    3.85487454E-02    3.12834644E-02    2.59456566E-02    2.58910468E-02    2.30645103E-02    2.12485995E-02    1.97695378E-02    2.00529586E-02    1.98798595E-02    2.15188094E-02    2.98352249E-02    5.21377549E-02    5.76439441E-02    1.33488924E-01    6.15407961E-02    2.05489065E-01    2.74523673E-03    7.64182289E-04    6.12064042E-05    0.00000000E+00   
2.34592765E-02    9.59627916E-02    7.46351965E-02    4.13754162E-02    3.26209904E-02    2.72305473E-02    2.27672208E-02    2.06231450E-02    1.92897786E-02    1.83052766E-02    1.86986455E-02    1.95309439E-02    1.99024620E-02    2.17707704E-02    2.93955798E-02    5.12495338E-02    5.73238798E-02    1.34825952E-01    6.51544447E-02    2.01989467E-01    3.19459788E-03    6.44258859E-04    4.98240684E-05   
2.33371300E-02    8.72161811E-02    7.91463867E-02    3.82188778E-02    2.99268044E-02    2.36121389E-02    2.31018309E-02    2.00701653E-02    1.85388496E-02    1.79074480E-02    1.72473103E-02    1.78500074E-02    1.87013266E-02    1.99160904E-02    2.19984239E-02    2.89719535E-02    5.03544359E-02    5.69771859E-02    1.35978233E-01    6.86223377E-02    1.98148048E-01    3.63477528E-03    5.24059214E-04   
2.31793487E-02    9.90577789E-02    6.94550146E-02    3.35609754E-02    2.63863652E-02    2.41007387E-02    2.05167754E-02    1.79657436E-02    1.66255202E-02    1.68494101E-02    1.64930213E-02    1.61648863E-02    1.70687100E-02    1.83584287E-02    2.03845156E-02    2.22039653E-02    2.85616712E-02    4.94553191E-02    5.66068087E-02    1.36962142E-01    7.19439902E-02    1.94034443E-01    4.06442818E-03   
2.33423287E-02    8.77175880E-02    7.27613902E-02    3.59543832E-02    2.55679177E-02    2.09037829E-02    1.79941691E-02    1.71475115E-02    1.57212858E-02    1.51823771E-02    1.50153306E-02    1.54367529E-02    1.54028794E-02    1.65943335E-02    1.83098404E-02    2.04923568E-02    2.27307636E-02    2.85924865E-02    4.92957620E-02    5.70733185E-02    1.39894928E-01    7.62663157E-02    1.92602198E-01   
!IDEND=

