!FILE=Disk 
!KIND=Matrix 
!LABORATORY=Oslo Cyclotron Laboratory (OCL) 
!EXPERIMENT= oslo_method_python 
!COMMENT=Made by OMpy 
!TIME=DATE:08-Oct-20 12:10:39   
!CALIBRATION EkeV=6, 1.250000E+02, 2.500000E+02, 0.000000E+00, 1.250000E+02, 2.500000E+02, 0.000000E+00 
!PRECISION=16 
!DIMENSION=2,0:  23,0:  23 
!CHANNEL=(0:  23,0:  23) 
1.00000000E+00    1.09601239E-233   0.00000000E+00    0.00000000E+00    0.00000000E+00    0.00000000E+00    0.00000000E+00    0.00000000E+00    0.00000000E+00    0.00000000E+00    0.00000000E+00    0.00000000E+00    0.00000000E+00    0.00000000E+00    0.00000000E+00    0.00000000E+00    0.00000000E+00    0.00000000E+00    0.00000000E+00    0.00000000E+00    0.00000000E+00    0.00000000E+00    0.00000000E+00    0.00000000E+00   
8.55506372E-02    9.14449363E-01    0.00000000E+00    0.00000000E+00    0.00000000E+00    0.00000000E+00    0.00000000E+00    0.00000000E+00    0.00000000E+00    0.00000000E+00    0.00000000E+00    0.00000000E+00    0.00000000E+00    0.00000000E+00    0.00000000E+00    0.00000000E+00    0.00000000E+00    0.00000000E+00    0.00000000E+00    0.00000000E+00    0.00000000E+00    0.00000000E+00    0.00000000E+00    0.00000000E+00   
4.86461865E-02    1.55162462E-01    7.73392085E-01    2.27992671E-02    0.00000000E+00    0.00000000E+00    0.00000000E+00    0.00000000E+00    0.00000000E+00    0.00000000E+00    0.00000000E+00    0.00000000E+00    0.00000000E+00    0.00000000E+00    0.00000000E+00    0.00000000E+00    0.00000000E+00    0.00000000E+00    0.00000000E+00    0.00000000E+00    0.00000000E+00    0.00000000E+00    0.00000000E+00    0.00000000E+00   
1.62264670E-02    1.73215507E-01    1.42001929E-01    6.59622111E-01    8.93398626E-03    0.00000000E+00    0.00000000E+00    0.00000000E+00    0.00000000E+00    0.00000000E+00    0.00000000E+00    0.00000000E+00    0.00000000E+00    0.00000000E+00    0.00000000E+00    0.00000000E+00    0.00000000E+00    0.00000000E+00    0.00000000E+00    0.00000000E+00    0.00000000E+00    0.00000000E+00    0.00000000E+00    0.00000000E+00   
1.41680571E-02    1.51063106E-01    1.40572557E-01    1.08266871E-01    5.70747142E-01    1.51822683E-02    0.00000000E+00    0.00000000E+00    0.00000000E+00    0.00000000E+00    0.00000000E+00    0.00000000E+00    0.00000000E+00    0.00000000E+00    0.00000000E+00    0.00000000E+00    0.00000000E+00    0.00000000E+00    0.00000000E+00    0.00000000E+00    0.00000000E+00    0.00000000E+00    0.00000000E+00    0.00000000E+00   
1.35707344E-02    1.34772547E-01    1.27958713E-01    1.40980163E-01    6.49280401E-02    5.17789803E-01    0.00000000E+00    0.00000000E+00    0.00000000E+00    0.00000000E+00    0.00000000E+00    0.00000000E+00    0.00000000E+00    0.00000000E+00    0.00000000E+00    0.00000000E+00    0.00000000E+00    0.00000000E+00    0.00000000E+00    0.00000000E+00    0.00000000E+00    0.00000000E+00    0.00000000E+00    0.00000000E+00   
1.23581744E-02    9.63172531E-02    1.15443092E-01    1.07556543E-01    1.39554363E-01    4.99122993E-02    4.78858216E-01    5.92774687E-08    0.00000000E+00    0.00000000E+00    0.00000000E+00    0.00000000E+00    0.00000000E+00    0.00000000E+00    0.00000000E+00    0.00000000E+00    0.00000000E+00    0.00000000E+00    0.00000000E+00    0.00000000E+00    0.00000000E+00    0.00000000E+00    0.00000000E+00    0.00000000E+00   
1.20475962E-02    1.05611581E-01    9.71720554E-02    8.78494434E-02    9.66483847E-02    1.31630902E-01    3.90690660E-02    4.29887969E-01    8.30020080E-05    0.00000000E+00    0.00000000E+00    0.00000000E+00    0.00000000E+00    0.00000000E+00    0.00000000E+00    0.00000000E+00    0.00000000E+00    0.00000000E+00    0.00000000E+00    0.00000000E+00    0.00000000E+00    0.00000000E+00    0.00000000E+00    0.00000000E+00   
1.40347391E-02    9.91385901E-02    8.69993820E-02    7.31479371E-02    7.18025746E-02    8.94643551E-02    1.27234960E-01    3.89793113E-02    3.98898294E-01    2.99856983E-04    0.00000000E+00    0.00000000E+00    0.00000000E+00    0.00000000E+00    0.00000000E+00    0.00000000E+00    0.00000000E+00    0.00000000E+00    0.00000000E+00    0.00000000E+00    0.00000000E+00    0.00000000E+00    0.00000000E+00    0.00000000E+00   
1.66173631E-02    6.89801269E-02    8.24196744E-02    6.53662363E-02    6.19297530E-02    6.59658821E-02    8.51560467E-02    1.29422938E-01    4.04532801E-02    3.83139600E-01    5.49099146E-04    0.00000000E+00    0.00000000E+00    0.00000000E+00    0.00000000E+00    0.00000000E+00    0.00000000E+00    0.00000000E+00    0.00000000E+00    0.00000000E+00    0.00000000E+00    0.00000000E+00    0.00000000E+00    0.00000000E+00   
1.78139507E-02    1.07184075E-01    8.81144774E-02    6.02789885E-02    4.83625481E-02    4.92668727E-02    5.45554848E-02    7.55288088E-02    1.22246910E-01    3.86970208E-02    3.37174104E-01    7.76759329E-04    0.00000000E+00    0.00000000E+00    0.00000000E+00    0.00000000E+00    0.00000000E+00    0.00000000E+00    0.00000000E+00    0.00000000E+00    0.00000000E+00    0.00000000E+00    0.00000000E+00    0.00000000E+00   
1.59324923E-02    1.07551641E-01    7.89520298E-02    4.96613232E-02    4.30004488E-02    3.84025719E-02    3.98505125E-02    4.67252309E-02    6.65829972E-02    1.14469972E-01    7.15253058E-02    3.15085493E-01    1.15466346E-02    7.13347769E-04    0.00000000E+00    0.00000000E+00    0.00000000E+00    0.00000000E+00    0.00000000E+00    0.00000000E+00    0.00000000E+00    0.00000000E+00    0.00000000E+00    0.00000000E+00   
2.93376379E-03    1.00293021E-01    7.41185063E-02    4.55532687E-02    3.92633799E-02    3.76988862E-02    3.65753795E-02    3.89690989E-02    5.48397919E-02    6.54868853E-02    1.19013049E-01    7.31431559E-02    3.04040742E-01    7.92916985E-03    1.31066960E-04    1.08348236E-05    0.00000000E+00    0.00000000E+00    0.00000000E+00    0.00000000E+00    0.00000000E+00    0.00000000E+00    0.00000000E+00    0.00000000E+00   
6.01135904E-03    9.38233281E-02    7.05195421E-02    5.27935173E-02    3.93859216E-02    3.43821346E-02    3.31794086E-02    3.23326401E-02    3.59541418E-02    5.24219137E-02    6.23313136E-02    1.17956860E-01    7.27206471E-02    2.87892102E-01    7.94032208E-03    2.68049920E-04    8.67983809E-05    0.00000000E+00    0.00000000E+00    0.00000000E+00    0.00000000E+00    0.00000000E+00    0.00000000E+00    0.00000000E+00   
9.17437221E-03    8.95577626E-02    8.63190001E-02    4.55721068E-02    3.54959936E-02    3.12695526E-02    2.93250409E-02    2.92479012E-02    2.88249746E-02    3.35084581E-02    5.05973596E-02    5.98159514E-02    1.17699816E-01    7.26527125E-02    2.72308187E-01    8.05732898E-03    4.08836584E-04    1.64645477E-04    0.00000000E+00    0.00000000E+00    0.00000000E+00    0.00000000E+00    0.00000000E+00    0.00000000E+00   
1.26822194E-02    7.95912046E-02    8.36966990E-02    4.48042803E-02    3.50253729E-02    3.10083906E-02    2.75773864E-02    2.67336981E-02    2.60968938E-02    2.62997922E-02    3.20516434E-02    5.01252934E-02    5.88528773E-02    1.20260765E-01    7.42135042E-02    2.61767890E-01    8.39744314E-03    5.64982296E-04    2.49663856E-04    0.00000000E+00    0.00000000E+00    0.00000000E+00    0.00000000E+00    0.00000000E+00   
1.58514650E-02    9.28485900E-02    9.01818464E-02    4.00971467E-02    3.49641260E-02    2.88475023E-02    2.58654982E-02    2.43148996E-02    2.35873148E-02    2.29984265E-02    2.34861196E-02    2.96967566E-02    4.81122353E-02    5.60729606E-02    1.18826412E-01    7.32106805E-02    2.41554574E-01    8.44887308E-03    7.06039508E-04    3.28533145E-04    0.00000000E+00    0.00000000E+00    0.00000000E+00    0.00000000E+00   
1.89696466E-02    1.03425801E-01    8.85985425E-02    4.46267244E-02    3.60889924E-02    2.93078203E-02    2.57368532E-02    2.32785563E-02    2.14194163E-02    2.07678573E-02    2.01923095E-02    2.03631629E-02    2.75167287E-02    4.62098381E-02    5.34444148E-02    1.17294921E-01    7.20463743E-02    2.21024170E-01    8.43677084E-03    8.44826923E-04    4.06272756E-04    0.00000000E+00    0.00000000E+00    0.00000000E+00   
2.01276884E-02    1.01016669E-01    8.21176426E-02    3.85075553E-02    3.14792756E-02    2.59858987E-02    2.26440487E-02    2.07310046E-02    1.90293658E-02    1.86136137E-02    1.83146026E-02    1.85309249E-02    2.49721244E-02    3.58101028E-02    5.72783777E-02    6.60087904E-02    1.16281813E-01    6.99885186E-02    2.03126151E-01    8.20710578E-03    8.26455994E-04    4.02271207E-04    0.00000000E+00    0.00000000E+00   
2.00559439E-02    9.18855705E-02    7.61331694E-02    3.39711521E-02    3.29473653E-02    2.70856736E-02    2.28398902E-02    2.03008154E-02    1.89953227E-02    1.77461427E-02    1.75780384E-02    1.77614795E-02    1.83449594E-02    2.46019286E-02    3.49236956E-02    5.61777605E-02    6.56075689E-02    1.30689086E-01    6.92843695E-02    1.93974019E-01    8.07422141E-03    6.87298223E-04    3.34529599E-04    0.00000000E+00   
2.01236907E-02    8.43846757E-02    8.25943803E-02    3.87550682E-02    2.86527956E-02    2.41131111E-02    2.04826072E-02    1.83363075E-02    1.84820433E-02    1.75592292E-02    1.67010500E-02    1.67813616E-02    1.74016852E-02    1.93268945E-02    2.44641570E-02    3.43782587E-02    5.55629447E-02    6.57898487E-02    1.32036479E-01    6.90652622E-02    1.86219462E-01    7.96693644E-03    5.52733047E-04    2.69017715E-04   
2.01971477E-02    9.50412099E-02    7.36598124E-02    3.44898879E-02    2.71390200E-02    2.24278776E-02    2.04685083E-02    1.80185634E-02    1.66473790E-02    1.59903333E-02    1.62852108E-02    1.57744762E-02    1.73180572E-02    1.83428600E-02    1.97063861E-02    2.43827958E-02    3.39182151E-02    5.50400386E-02    6.61042937E-02    1.33425551E-01    6.88473323E-02    1.78549576E-01    7.80831590E-03    4.17151660E-04   
2.13727512E-02    8.47150683E-02    7.96435105E-02    3.24481582E-02    2.84151749E-02    2.29084010E-02    1.96714753E-02    1.72636131E-02    1.69085554E-02    1.59590445E-02    1.55962173E-02    1.57276179E-02    1.64300781E-02    1.79090917E-02    1.93948030E-02    2.11923039E-02    2.56666373E-02    3.53456220E-02    5.75455545E-02    7.01168042E-02    1.42184025E-01    6.10511231E-02    1.57486090E-01    5.04827922E-03   
2.25869043E-02    9.30746476E-02    7.73152530E-02    3.73156179E-02    3.05948526E-02    2.43147362E-02    2.01041417E-02    1.69877478E-02    1.57857172E-02    1.52613005E-02    1.54786273E-02    1.56225649E-02    1.57279984E-02    1.65009367E-02    1.85386171E-02    2.05083101E-02    2.27660099E-02    2.70222497E-02    3.68404221E-02    6.01381684E-02    7.43481697E-02    1.51350670E-01    1.00760423E-02    1.61740295E-01   
!IDEND=

