!FILE=Disk 
!KIND=Matrix 
!LABORATORY=Oslo Cyclotron Laboratory (OCL) 
!EXPERIMENT= oslo_method_python 
!COMMENT=Made by OMpy 
!TIME=DATE:02-Nov-20 11:26:45   
!CALIBRATION EkeV=6, 1.250000E+02, 2.500000E+02, 0.000000E+00, 1.250000E+02, 2.500000E+02, 0.000000E+00 
!PRECISION=16 
!DIMENSION=2,0:  23,0:  23 
!CHANNEL=(0:  23,0:  23) 
1.00000000E+00    0.00000000E+00    0.00000000E+00    0.00000000E+00    0.00000000E+00    0.00000000E+00    0.00000000E+00    0.00000000E+00    0.00000000E+00    0.00000000E+00    0.00000000E+00    0.00000000E+00    0.00000000E+00    0.00000000E+00    0.00000000E+00    0.00000000E+00    0.00000000E+00    0.00000000E+00    0.00000000E+00    0.00000000E+00    0.00000000E+00    0.00000000E+00    0.00000000E+00    0.00000000E+00   
8.55506372E-02    9.14449363E-01    0.00000000E+00    0.00000000E+00    0.00000000E+00    0.00000000E+00    0.00000000E+00    0.00000000E+00    0.00000000E+00    0.00000000E+00    0.00000000E+00    0.00000000E+00    0.00000000E+00    0.00000000E+00    0.00000000E+00    0.00000000E+00    0.00000000E+00    0.00000000E+00    0.00000000E+00    0.00000000E+00    0.00000000E+00    0.00000000E+00    0.00000000E+00    0.00000000E+00   
4.97811605E-02    1.58782588E-01    7.91436251E-01    0.00000000E+00    0.00000000E+00    0.00000000E+00    0.00000000E+00    0.00000000E+00    0.00000000E+00    0.00000000E+00    0.00000000E+00    0.00000000E+00    0.00000000E+00    0.00000000E+00    0.00000000E+00    0.00000000E+00    0.00000000E+00    0.00000000E+00    0.00000000E+00    0.00000000E+00    0.00000000E+00    0.00000000E+00    0.00000000E+00    0.00000000E+00   
1.63727409E-02    1.74776962E-01    1.43282009E-01    6.65568289E-01    0.00000000E+00    0.00000000E+00    0.00000000E+00    0.00000000E+00    0.00000000E+00    0.00000000E+00    0.00000000E+00    0.00000000E+00    0.00000000E+00    0.00000000E+00    0.00000000E+00    0.00000000E+00    0.00000000E+00    0.00000000E+00    0.00000000E+00    0.00000000E+00    0.00000000E+00    0.00000000E+00    0.00000000E+00    0.00000000E+00   
1.43864765E-02    1.53391943E-01    1.42739668E-01    1.09935948E-01    5.79545964E-01    0.00000000E+00    0.00000000E+00    0.00000000E+00    0.00000000E+00    0.00000000E+00    0.00000000E+00    0.00000000E+00    0.00000000E+00    0.00000000E+00    0.00000000E+00    0.00000000E+00    0.00000000E+00    0.00000000E+00    0.00000000E+00    0.00000000E+00    0.00000000E+00    0.00000000E+00    0.00000000E+00    0.00000000E+00   
1.35707344E-02    1.34772547E-01    1.27958713E-01    1.40980163E-01    6.49280389E-02    5.17789805E-01    0.00000000E+00    0.00000000E+00    0.00000000E+00    0.00000000E+00    0.00000000E+00    0.00000000E+00    0.00000000E+00    0.00000000E+00    0.00000000E+00    0.00000000E+00    0.00000000E+00    0.00000000E+00    0.00000000E+00    0.00000000E+00    0.00000000E+00    0.00000000E+00    0.00000000E+00    0.00000000E+00   
1.23581744E-02    9.63172531E-02    1.15443092E-01    1.07556543E-01    1.39554363E-01    4.99122400E-02    4.78858335E-01    0.00000000E+00    0.00000000E+00    0.00000000E+00    0.00000000E+00    0.00000000E+00    0.00000000E+00    0.00000000E+00    0.00000000E+00    0.00000000E+00    0.00000000E+00    0.00000000E+00    0.00000000E+00    0.00000000E+00    0.00000000E+00    0.00000000E+00    0.00000000E+00    0.00000000E+00   
1.20475962E-02    1.05611581E-01    9.71720554E-02    8.78494434E-02    9.66483847E-02    1.31630903E-01    3.90682237E-02    4.29889654E-01    8.21596683E-05    0.00000000E+00    0.00000000E+00    0.00000000E+00    0.00000000E+00    0.00000000E+00    0.00000000E+00    0.00000000E+00    0.00000000E+00    0.00000000E+00    0.00000000E+00    0.00000000E+00    0.00000000E+00    0.00000000E+00    0.00000000E+00    0.00000000E+00   
1.40347391E-02    9.91385901E-02    8.69993820E-02    7.31479371E-02    7.18025746E-02    8.94643531E-02    1.27234964E-01    3.89725850E-02    3.98911742E-01    2.93132842E-04    0.00000000E+00    0.00000000E+00    0.00000000E+00    0.00000000E+00    0.00000000E+00    0.00000000E+00    0.00000000E+00    0.00000000E+00    0.00000000E+00    0.00000000E+00    0.00000000E+00    0.00000000E+00    0.00000000E+00    0.00000000E+00   
1.66173631E-02    6.89801269E-02    8.24196744E-02    6.53662363E-02    6.19297530E-02    6.59658820E-02    8.51560069E-02    1.29423018E-01    4.04239028E-02    3.83198275E-01    5.19761928E-04    0.00000000E+00    0.00000000E+00    0.00000000E+00    0.00000000E+00    0.00000000E+00    0.00000000E+00    0.00000000E+00    0.00000000E+00    0.00000000E+00    0.00000000E+00    0.00000000E+00    0.00000000E+00    0.00000000E+00   
1.78139507E-02    1.07184075E-01    8.81144774E-02    6.02789885E-02    4.83625481E-02    4.92668727E-02    5.45554828E-02    7.55284326E-02    1.22247668E-01    3.86194202E-02    3.37328545E-01    6.99538945E-04    0.00000000E+00    0.00000000E+00    0.00000000E+00    0.00000000E+00    0.00000000E+00    0.00000000E+00    0.00000000E+00    0.00000000E+00    0.00000000E+00    0.00000000E+00    0.00000000E+00    0.00000000E+00   
1.71569305E-02    1.15817162E-01    8.50196233E-02    5.34778777E-02    4.63051041E-02    4.13538728E-02    4.29130879E-02    5.03161252E-02    7.16979784E-02    1.23271300E-01    3.89343248E-02    3.12968444E-01    7.68169720E-04    0.00000000E+00    0.00000000E+00    0.00000000E+00    0.00000000E+00    0.00000000E+00    0.00000000E+00    0.00000000E+00    0.00000000E+00    0.00000000E+00    0.00000000E+00    0.00000000E+00   
3.16401612E-03    1.08164378E-01    7.99355930E-02    4.91284529E-02    4.23449111E-02    4.06576302E-02    3.94459452E-02    4.20274084E-02    5.91439375E-02    7.06179441E-02    1.28370939E-01    3.92086052E-02    2.97637200E-01    1.41353566E-04    1.16851795E-05    0.00000000E+00    0.00000000E+00    0.00000000E+00    0.00000000E+00    0.00000000E+00    0.00000000E+00    0.00000000E+00    0.00000000E+00    0.00000000E+00   
6.47809422E-03    1.01107978E-01    7.59948348E-02    5.68925224E-02    4.24439314E-02    3.70516393E-02    3.57555311E-02    3.48430044E-02    3.87451034E-02    5.64928606E-02    6.71485375E-02    1.27159997E-01    3.87157058E-02    2.80787860E-01    2.88861907E-04    9.35375986E-05    0.00000000E+00    0.00000000E+00    0.00000000E+00    0.00000000E+00    0.00000000E+00    0.00000000E+00    0.00000000E+00    0.00000000E+00   
9.88162350E-03    9.64617602E-02    9.29733218E-02    4.90852553E-02    3.82323756E-02    3.36801187E-02    3.15857048E-02    3.15026185E-02    3.10470245E-02    3.60897504E-02    5.45007024E-02    6.43678580E-02    1.26891287E-01    3.83655311E-02    2.64717377E-01    4.40353749E-04    1.77337977E-04    0.00000000E+00    0.00000000E+00    0.00000000E+00    0.00000000E+00    0.00000000E+00    0.00000000E+00    0.00000000E+00   
1.36752361E-02    8.58231888E-02    9.02501430E-02    4.83124515E-02    3.77678565E-02    3.34363449E-02    2.97366933E-02    2.88269443E-02    2.81402783E-02    2.83588537E-02    3.45565713E-02    5.40571042E-02    6.33359291E-02    1.29926304E-01    3.88888709E-02    2.54028797E-01    6.09220359E-04    2.69212513E-04    0.00000000E+00    0.00000000E+00    0.00000000E+00    0.00000000E+00    0.00000000E+00    0.00000000E+00   
1.70647879E-02    9.99555248E-02    9.70846600E-02    4.31663135E-02    3.76403946E-02    3.10555845E-02    2.78453281E-02    2.61760416E-02    2.53927650E-02    2.47588014E-02    2.52833066E-02    3.19579333E-02    5.18140895E-02    6.01400418E-02    1.28364295E-01    3.79362975E-02    2.33250073E-01    7.60082082E-04    3.53680146E-04    0.00000000E+00    0.00000000E+00    0.00000000E+00    0.00000000E+00    0.00000000E+00   
2.03852774E-02    1.11144065E-01    9.52103064E-02    4.79570429E-02    3.87821732E-02    3.14949487E-02    2.76574942E-02    2.50157443E-02    2.30178639E-02    2.23176816E-02    2.16991829E-02    2.18814869E-02    2.95471730E-02    4.96973043E-02    5.70702675E-02    1.26754737E-01    3.69048834E-02    2.12117908E-01    9.07868687E-04    4.36591308E-04    0.00000000E+00    0.00000000E+00    0.00000000E+00    0.00000000E+00   
2.14624151E-02    1.07715384E-01    8.75631070E-02    4.10611055E-02    3.35667597E-02    2.77091007E-02    2.41456427E-02    2.21057390E-02    2.02912595E-02    1.98479377E-02    1.95290982E-02    1.97597655E-02    2.66256736E-02    3.81476568E-02    6.11413662E-02    6.98673019E-02    1.24996792E-01    3.77238467E-02    1.95299449E-01    1.01165296E-03    4.28947004E-04    0.00000000E+00    0.00000000E+00    0.00000000E+00   
2.11497347E-02    9.68967332E-02    8.02852434E-02    3.58238366E-02    3.47442155E-02    2.85628448E-02    2.40855091E-02    2.14079609E-02    2.00312705E-02    1.87139640E-02    1.85366917E-02    1.87301372E-02    1.93454383E-02    2.59397538E-02    3.67752406E-02    5.93354659E-02    6.84915057E-02    1.39154640E-01    4.14048933E-02    1.89127592E-01    1.10455597E-03    3.52773837E-04    0.00000000E+00    0.00000000E+00   
2.09969263E-02    8.80464146E-02    8.61784321E-02    4.04367828E-02    2.98961381E-02    2.51594612E-02    2.13714174E-02    1.91319824E-02    1.92840422E-02    1.83211841E-02    1.74257655E-02    1.75095621E-02    1.81568037E-02    2.01655544E-02    2.55200611E-02    3.57992514E-02    5.81005340E-02    6.77378306E-02    1.39511679E-01    4.53127643E-02    1.84453106E-01    1.20361624E-03    2.80691312E-04    0.00000000E+00   
2.08471688E-02    9.80999980E-02    7.60304657E-02    3.55999038E-02    2.80124570E-02    2.31496921E-02    2.11272628E-02    1.85984694E-02    1.71831551E-02    1.65049631E-02    1.68093309E-02    1.62821589E-02    1.78754182E-02    1.89332031E-02    2.03406126E-02    2.51598667E-02    3.49210608E-02    5.69700813E-02    6.70780650E-02    1.39944478E-01    4.91735196E-02    1.79847647E-01    1.30148510E-03    2.09537127E-04   
2.10567308E-02    8.34624597E-02    7.84658906E-02    3.19683752E-02    2.79950243E-02    2.25696743E-02    1.93806102E-02    1.70083510E-02    1.66585432E-02    1.57230719E-02    1.53656095E-02    1.54950672E-02    1.61871407E-02    1.76442854E-02    1.91080287E-02    2.08789516E-02    2.52772608E-02    3.47124351E-02    5.68911165E-02    6.76426604E-02    1.42858535E-01    5.39008368E-02    1.78327072E-01    1.42226996E-03   
2.09122829E-02    8.61739767E-02    7.15830034E-02    3.45489912E-02    2.83265119E-02    2.25120112E-02    1.86135955E-02    1.57282549E-02    1.46153444E-02    1.41298086E-02    1.43310225E-02    1.44642883E-02    1.45619049E-02    1.52775366E-02    1.71641409E-02    1.89877983E-02    2.10781093E-02    2.50066534E-02    3.39766542E-02    5.59139661E-02    6.71280150E-02    1.43431451E-01    5.77420320E-02    1.73792647E-01   
!IDEND=

