!FILE=Disk 
!KIND=Matrix 
!LABORATORY=Oslo Cyclotron Laboratory (OCL) 
!EXPERIMENT= oslo_method_python 
!COMMENT=Made by OMpy 
!TIME=DATE:28-Sep-20 11:38:36   
!CALIBRATION EkeV=6, 1.280000E+02, 2.560000E+02, 0.000000E+00, 1.280000E+02, 2.560000E+02, 0.000000E+00 
!PRECISION=16 
!DIMENSION=2,0:  22,0:  22 
!CHANNEL=(0:  22,0:  22) 
1.00000000E+00    1.91560460E-234   0.00000000E+00    0.00000000E+00    0.00000000E+00    0.00000000E+00    0.00000000E+00    0.00000000E+00    0.00000000E+00    0.00000000E+00    0.00000000E+00    0.00000000E+00    0.00000000E+00    0.00000000E+00    0.00000000E+00    0.00000000E+00    0.00000000E+00    0.00000000E+00    0.00000000E+00    0.00000000E+00    0.00000000E+00    0.00000000E+00    0.00000000E+00   
8.92736988E-02    9.10726301E-01    0.00000000E+00    0.00000000E+00    0.00000000E+00    0.00000000E+00    0.00000000E+00    0.00000000E+00    0.00000000E+00    0.00000000E+00    0.00000000E+00    0.00000000E+00    0.00000000E+00    0.00000000E+00    0.00000000E+00    0.00000000E+00    0.00000000E+00    0.00000000E+00    0.00000000E+00    0.00000000E+00    0.00000000E+00    0.00000000E+00    0.00000000E+00   
4.98462052E-02    1.58177765E-01    7.70194928E-01    2.17811019E-02    0.00000000E+00    0.00000000E+00    0.00000000E+00    0.00000000E+00    0.00000000E+00    0.00000000E+00    0.00000000E+00    0.00000000E+00    0.00000000E+00    0.00000000E+00    0.00000000E+00    0.00000000E+00    0.00000000E+00    0.00000000E+00    0.00000000E+00    0.00000000E+00    0.00000000E+00    0.00000000E+00    0.00000000E+00   
1.82319664E-02    1.77628145E-01    1.39251358E-01    6.54260737E-01    1.06277934E-02    0.00000000E+00    0.00000000E+00    0.00000000E+00    0.00000000E+00    0.00000000E+00    0.00000000E+00    0.00000000E+00    0.00000000E+00    0.00000000E+00    0.00000000E+00    0.00000000E+00    0.00000000E+00    0.00000000E+00    0.00000000E+00    0.00000000E+00    0.00000000E+00    0.00000000E+00    0.00000000E+00   
1.58512969E-02    1.53492093E-01    1.42215054E-01    1.15263034E-01    5.60239748E-01    1.29387743E-02    0.00000000E+00    0.00000000E+00    0.00000000E+00    0.00000000E+00    0.00000000E+00    0.00000000E+00    0.00000000E+00    0.00000000E+00    0.00000000E+00    0.00000000E+00    0.00000000E+00    0.00000000E+00    0.00000000E+00    0.00000000E+00    0.00000000E+00    0.00000000E+00    0.00000000E+00   
1.51339874E-02    1.34633498E-01    1.26723874E-01    1.39771937E-01    6.77792427E-02    5.14594692E-01    1.36276834E-03    0.00000000E+00    0.00000000E+00    0.00000000E+00    0.00000000E+00    0.00000000E+00    0.00000000E+00    0.00000000E+00    0.00000000E+00    0.00000000E+00    0.00000000E+00    0.00000000E+00    0.00000000E+00    0.00000000E+00    0.00000000E+00    0.00000000E+00    0.00000000E+00   
1.32378324E-02    1.02183191E-01    1.11000138E-01    1.03293188E-01    1.23414943E-01    6.92040541E-02    4.74238308E-01    3.42834559E-03    0.00000000E+00    0.00000000E+00    0.00000000E+00    0.00000000E+00    0.00000000E+00    0.00000000E+00    0.00000000E+00    0.00000000E+00    0.00000000E+00    0.00000000E+00    0.00000000E+00    0.00000000E+00    0.00000000E+00    0.00000000E+00    0.00000000E+00   
1.34561984E-02    1.06584742E-01    9.17930333E-02    8.38209234E-02    9.33085618E-02    1.12592435E-01    6.39435543E-02    4.30758325E-01    3.74222656E-03    0.00000000E+00    0.00000000E+00    0.00000000E+00    0.00000000E+00    0.00000000E+00    0.00000000E+00    0.00000000E+00    0.00000000E+00    0.00000000E+00    0.00000000E+00    0.00000000E+00    0.00000000E+00    0.00000000E+00    0.00000000E+00   
1.58695735E-02    9.83557580E-02    8.79199326E-02    7.00668437E-02    6.98862177E-02    7.94492038E-02    1.19818848E-01    5.55404082E-02    4.00333336E-01    2.75987834E-03    0.00000000E+00    0.00000000E+00    0.00000000E+00    0.00000000E+00    0.00000000E+00    0.00000000E+00    0.00000000E+00    0.00000000E+00    0.00000000E+00    0.00000000E+00    0.00000000E+00    0.00000000E+00    0.00000000E+00   
1.85159638E-02    1.00242695E-01    7.88485295E-02    6.20917181E-02    5.86530034E-02    5.98164057E-02    6.90587749E-02    1.30287842E-01    4.74935441E-02    3.73199539E-01    1.79198485E-03    0.00000000E+00    0.00000000E+00    0.00000000E+00    0.00000000E+00    0.00000000E+00    0.00000000E+00    0.00000000E+00    0.00000000E+00    0.00000000E+00    0.00000000E+00    0.00000000E+00    0.00000000E+00   
2.01008263E-02    1.12290520E-01    8.56610426E-02    5.84601909E-02    5.13463063E-02    4.68012319E-02    5.55797366E-02    8.05839762E-02    1.25349115E-01    3.70100121E-02    3.26051118E-01    7.65923637E-04    0.00000000E+00    0.00000000E+00    0.00000000E+00    0.00000000E+00    0.00000000E+00    0.00000000E+00    0.00000000E+00    0.00000000E+00    0.00000000E+00    0.00000000E+00    0.00000000E+00   
1.32824547E-02    1.09953852E-01    7.74466353E-02    4.94472408E-02    4.32093720E-02    3.96608493E-02    4.03888906E-02    5.40175708E-02    7.32153022E-02    1.22643710E-01    6.28195490E-02    3.08320508E-01    5.53239350E-03    6.16725744E-05    0.00000000E+00    0.00000000E+00    0.00000000E+00    0.00000000E+00    0.00000000E+00    0.00000000E+00    0.00000000E+00    0.00000000E+00    0.00000000E+00   
4.97006705E-03    1.02762382E-01    7.28016322E-02    4.44462349E-02    3.90514072E-02    3.73431472E-02    3.64246784E-02    3.90250051E-02    5.95834886E-02    6.99175136E-02    1.27293766E-01    6.53091873E-02    2.96342151E-01    4.48873203E-03    1.70849138E-04    6.44719752E-05    5.28649825E-06    0.00000000E+00    0.00000000E+00    0.00000000E+00    0.00000000E+00    0.00000000E+00    0.00000000E+00   
8.29333223E-03    9.51761377E-02    6.82360365E-02    5.03262533E-02    3.85423770E-02    3.34894145E-02    3.23824447E-02    3.16599959E-02    3.66813987E-02    5.65875088E-02    6.57245800E-02    1.25159007E-01    6.82211810E-02    2.81199898E-01    7.52904539E-03    5.61944737E-04    2.12056599E-04    1.73879710E-05    0.00000000E+00    0.00000000E+00    0.00000000E+00    0.00000000E+00    0.00000000E+00   
1.15643006E-02    8.95297491E-02    8.20880445E-02    4.60712688E-02    3.35633230E-02    2.98926865E-02    2.90612169E-02    2.82133313E-02    2.82561798E-02    3.39187975E-02    5.39775310E-02    6.19591760E-02    1.23234951E-01    7.10755046E-02    2.65674009E-01    1.05855230E-02    9.47527272E-04    3.57560801E-04    2.93188559E-05    0.00000000E+00    0.00000000E+00    0.00000000E+00    0.00000000E+00   
1.50356948E-02    8.43900019E-02    7.73288905E-02    4.13589224E-02    3.69155752E-02    3.00391691E-02    2.69095994E-02    2.49073581E-02    2.45876831E-02    2.53564787E-02    3.20436763E-02    5.25801552E-02    5.95830641E-02    1.23617884E-01    7.51669158E-02    2.54419009E-01    1.38588821E-02    1.34987836E-03    5.09392817E-04    4.17686015E-05    0.00000000E+00    0.00000000E+00    0.00000000E+00   
1.80733728E-02    9.52035576E-02    8.26136425E-02    4.63825891E-02    3.11830160E-02    2.62428996E-02    2.43759877E-02    2.21486264E-02    2.15777192E-02    2.09504274E-02    2.21416595E-02    2.95712334E-02    5.00172759E-02    5.59190593E-02    1.20852248E-01    7.72179483E-02    2.36390953E-01    1.67259591E-02    1.71257347E-03    6.46260177E-04    5.29912925E-05    0.00000000E+00    0.00000000E+00   
2.12508371E-02    1.04716741E-01    8.06831361E-02    3.99997841E-02    3.27110984E-02    2.68033858E-02    2.33728157E-02    2.11477376E-02    1.93961376E-02    1.89054296E-02    1.82431105E-02    1.95221429E-02    2.76969154E-02    4.82825713E-02    5.32383906E-02    1.19693539E-01    8.01058760E-02    2.21614527E-01    1.96769963E-02    2.08678421E-03    7.87473096E-04    6.45703057E-05    0.00000000E+00   
2.19378633E-02    9.84443890E-02    7.44834492E-02    3.59262096E-02    2.91551979E-02    2.41805301E-02    2.41296355E-02    2.14953930E-02    1.98030216E-02    1.84245830E-02    1.86887222E-02    1.85273993E-02    2.00548487E-02    2.78430303E-02    4.85160907E-02    5.42063551E-02    1.23515454E-01    8.22282095E-02    2.17029970E-01    1.87969067E-02    1.86003249E-03    6.95666195E-04    5.70424298E-05   
2.21444943E-02    9.05845281E-02    7.04522445E-02    3.90565186E-02    3.07927372E-02    2.57044031E-02    2.14912250E-02    1.94673147E-02    1.82086772E-02    1.72793519E-02    1.76506743E-02    1.84363263E-02    1.87870225E-02    2.05506210E-02    2.78037371E-02    4.82665668E-02    5.47755978E-02    1.26053257E-01    8.31736654E-02    2.09865437E-01    1.73274620E-02    1.55455856E-03    5.73578973E-04   
2.23242319E-02    8.34307496E-02    7.57112074E-02    3.65600693E-02    2.86278956E-02    2.25873047E-02    2.20991454E-02    1.91990628E-02    1.77342106E-02    1.71302136E-02    1.64987277E-02    1.70752661E-02    1.78896356E-02    1.90516752E-02    2.10436295E-02    2.77905182E-02    4.80176344E-02    5.54018417E-02    1.28434889E-01    8.40378865E-02    2.02338083E-01    1.57749160E-02    1.24120651E-03   
2.37536946E-02    1.01512266E-01    7.11759947E-02    3.43925608E-02    2.70401756E-02    2.46979151E-02    2.10251471E-02    1.84109049E-02    1.70374730E-02    1.72669106E-02    1.69016910E-02    1.65654254E-02    1.74916443E-02    1.88133202E-02    2.08896101E-02    2.27541428E-02    2.93722346E-02    5.04760918E-02    5.92334368E-02    1.38115710E-01    7.88409905E-02    1.69816656E-01    4.41600346E-03   
2.59914322E-02    9.76725920E-02    8.10190264E-02    4.00348194E-02    2.84696017E-02    2.32761377E-02    2.00363140E-02    1.90935698E-02    1.75054828E-02    1.69054139E-02    1.67194093E-02    1.71886585E-02    1.71509408E-02    1.84776121E-02    2.03878106E-02    2.28180192E-02    2.53104615E-02    3.19792155E-02    5.46081270E-02    6.52067295E-02    1.52745503E-01    1.61441099E-02    1.71259013E-01   
!IDEND=

