!FILE=Disk 
!KIND=Matrix 
!LABORATORY=Oslo Cyclotron Laboratory (OCL) 
!EXPERIMENT= oslo_method_python 
!COMMENT=Made by Oslo Method Python 
!TIME=DATE:28-Sep-20 09:39:31   
!CALIBRATION EkeV=6, 9.731148E+01, 2.621639E+02, 0.000000E+00, 9.731148E+01, 2.621639E+02, 0.000000E+00 
!PRECISION=16 
!DIMENSION=2,0:  22,0:  22 
!CHANNEL=(0:  22,0:  22) 
1.00000000E+00    0.00000000E+00    0.00000000E+00    0.00000000E+00    0.00000000E+00    0.00000000E+00    0.00000000E+00    0.00000000E+00    0.00000000E+00    0.00000000E+00    0.00000000E+00    0.00000000E+00    0.00000000E+00    0.00000000E+00    0.00000000E+00    0.00000000E+00    0.00000000E+00    0.00000000E+00    0.00000000E+00    0.00000000E+00    0.00000000E+00    0.00000000E+00    0.00000000E+00   
6.91655764E-02    9.30834424E-01    0.00000000E+00    0.00000000E+00    0.00000000E+00    0.00000000E+00    0.00000000E+00    0.00000000E+00    0.00000000E+00    0.00000000E+00    0.00000000E+00    0.00000000E+00    0.00000000E+00    0.00000000E+00    0.00000000E+00    0.00000000E+00    0.00000000E+00    0.00000000E+00    0.00000000E+00    0.00000000E+00    0.00000000E+00    0.00000000E+00    0.00000000E+00   
3.71423959E-02    1.62738338E-01    7.77728112E-01    2.23911545E-02    0.00000000E+00    0.00000000E+00    0.00000000E+00    0.00000000E+00    0.00000000E+00    0.00000000E+00    0.00000000E+00    0.00000000E+00    0.00000000E+00    0.00000000E+00    0.00000000E+00    0.00000000E+00    0.00000000E+00    0.00000000E+00    0.00000000E+00    0.00000000E+00    0.00000000E+00    0.00000000E+00    0.00000000E+00   
9.47540006E-03    1.72838692E-01    1.49115062E-01    6.59008979E-01    9.56186730E-03    0.00000000E+00    0.00000000E+00    0.00000000E+00    0.00000000E+00    0.00000000E+00    0.00000000E+00    0.00000000E+00    0.00000000E+00    0.00000000E+00    0.00000000E+00    0.00000000E+00    0.00000000E+00    0.00000000E+00    0.00000000E+00    0.00000000E+00    0.00000000E+00    0.00000000E+00    0.00000000E+00   
8.08129244E-03    1.49328910E-01    1.47267394E-01    1.18017087E-01    5.64286036E-01    1.30192804E-02    0.00000000E+00    0.00000000E+00    0.00000000E+00    0.00000000E+00    0.00000000E+00    0.00000000E+00    0.00000000E+00    0.00000000E+00    0.00000000E+00    0.00000000E+00    0.00000000E+00    0.00000000E+00    0.00000000E+00    0.00000000E+00    0.00000000E+00    0.00000000E+00    0.00000000E+00   
7.75733082E-03    1.33211506E-01    1.30153734E-01    1.42563356E-01    7.09409373E-02    5.14300133E-01    1.07300400E-03    0.00000000E+00    0.00000000E+00    0.00000000E+00    0.00000000E+00    0.00000000E+00    0.00000000E+00    0.00000000E+00    0.00000000E+00    0.00000000E+00    0.00000000E+00    0.00000000E+00    0.00000000E+00    0.00000000E+00    0.00000000E+00    0.00000000E+00    0.00000000E+00   
7.01641236E-03    9.88925877E-02    1.13921355E-01    1.05881247E-01    1.25574794E-01    7.12082373E-02    4.74753950E-01    2.75141623E-03    0.00000000E+00    0.00000000E+00    0.00000000E+00    0.00000000E+00    0.00000000E+00    0.00000000E+00    0.00000000E+00    0.00000000E+00    0.00000000E+00    0.00000000E+00    0.00000000E+00    0.00000000E+00    0.00000000E+00    0.00000000E+00    0.00000000E+00   
7.58484152E-03    1.04254716E-01    9.52289621E-02    8.54395703E-02    9.50810908E-02    1.14796709E-01    6.43656000E-02    4.30344064E-01    2.90444696E-03    0.00000000E+00    0.00000000E+00    0.00000000E+00    0.00000000E+00    0.00000000E+00    0.00000000E+00    0.00000000E+00    0.00000000E+00    0.00000000E+00    0.00000000E+00    0.00000000E+00    0.00000000E+00    0.00000000E+00    0.00000000E+00   
9.22438298E-03    1.13137988E-01    8.67468381E-02    7.05965951E-02    7.00431131E-02    7.99199989E-02    1.20831385E-01    5.41477152E-02    3.93304677E-01    2.04730618E-03    0.00000000E+00    0.00000000E+00    0.00000000E+00    0.00000000E+00    0.00000000E+00    0.00000000E+00    0.00000000E+00    0.00000000E+00    0.00000000E+00    0.00000000E+00    0.00000000E+00    0.00000000E+00    0.00000000E+00   
1.12529493E-02    1.19230028E-01    8.04825232E-02    6.32632989E-02    5.94908687E-02    6.05506854E-02    7.04743716E-02    1.18450359E-01    4.56749424E-02    3.69877382E-01    1.25259052E-03    0.00000000E+00    0.00000000E+00    0.00000000E+00    0.00000000E+00    0.00000000E+00    0.00000000E+00    0.00000000E+00    0.00000000E+00    0.00000000E+00    0.00000000E+00    0.00000000E+00    0.00000000E+00   
1.31393979E-02    1.23123981E-01    9.56149768E-02    6.21812031E-02    5.47176760E-02    4.95235945E-02    5.16413232E-02    6.11235392E-02    1.14934980E-01    3.58931731E-02    3.37691287E-01    4.14869250E-04    0.00000000E+00    0.00000000E+00    0.00000000E+00    0.00000000E+00    0.00000000E+00    0.00000000E+00    0.00000000E+00    0.00000000E+00    0.00000000E+00    0.00000000E+00    0.00000000E+00   
5.95706092E-03    1.11959709E-01    8.67819898E-02    5.35141777E-02    4.63807553E-02    4.29887280E-02    4.33003059E-02    5.29244143E-02    5.73530709E-02    1.11969489E-01    6.35939078E-02    3.20026124E-01    3.25026723E-03    0.00000000E+00    0.00000000E+00    0.00000000E+00    0.00000000E+00    0.00000000E+00    0.00000000E+00    0.00000000E+00    0.00000000E+00    0.00000000E+00    0.00000000E+00   
1.88239501E-03    1.07577394E-01    8.09779755E-02    4.79571406E-02    4.11938348E-02    3.93981679E-02    3.83679272E-02    4.16138106E-02    5.05414610E-02    5.97987922E-02    1.17010656E-01    6.65565640E-02    3.04147965E-01    2.77603186E-03    1.33905184E-04    6.59793093E-05    0.00000000E+00    0.00000000E+00    0.00000000E+00    0.00000000E+00    0.00000000E+00    0.00000000E+00    0.00000000E+00   
4.30296897E-03    1.05373239E-01    7.80786684E-02    5.22794111E-02    3.98755914E-02    3.43062759E-02    3.31802354E-02    3.24263600E-02    3.55145443E-02    5.54911239E-02    5.84489693E-02    1.16641860E-01    6.86569766E-02    2.80230292E-01    4.66966933E-03    3.50909244E-04    1.72904057E-04    0.00000000E+00    0.00000000E+00    0.00000000E+00    0.00000000E+00    0.00000000E+00    0.00000000E+00   
6.60442046E-03    1.03576909E-01    8.44189508E-02    4.70529854E-02    3.39172355E-02    3.26523828E-02    2.91146898E-02    2.82741995E-02    2.76055531E-02    3.04861923E-02    5.61947460E-02    6.67930053E-02    1.16783763E-01    7.09017582E-02    2.58261051E-01    6.53049957E-03    5.57138537E-04    2.74519737E-04    0.00000000E+00    0.00000000E+00    0.00000000E+00    0.00000000E+00    0.00000000E+00   
8.97216700E-03    1.03973807E-01    8.01024132E-02    4.14399629E-02    3.65649597E-02    2.97943594E-02    2.65670181E-02    2.48985271E-02    2.46741508E-02    2.57037881E-02    3.34909510E-02    5.42008932E-02    6.36973464E-02    1.19449462E-01    7.45881989E-02    2.42236144E-01    8.49854851E-03    7.68592535E-04    3.78709794E-04    0.00000000E+00    0.00000000E+00    0.00000000E+00    0.00000000E+00   
1.11293545E-02    1.02637894E-01    8.76976607E-02    4.51971217E-02    3.62271479E-02    2.89711460E-02    2.58692343E-02    2.16483859E-02    2.11011568E-02    2.05106704E-02    2.24987305E-02    3.10830798E-02    5.16013145E-02    5.99258954E-02    1.22607814E-01    7.69585015E-02    2.22630884E-01    1.02683234E-02    9.61783658E-04    4.73901156E-04    0.00000000E+00    0.00000000E+00    0.00000000E+00   
1.31327968E-02    1.04408105E-01    8.68570557E-02    4.03300805E-02    3.27935423E-02    2.67629408E-02    2.34153797E-02    2.12166350E-02    1.95659741E-02    1.91850662E-02    1.85626461E-02    2.08835876E-02    3.03247866E-02    5.13621790E-02    5.92357817E-02    1.25056052E-01    8.09193207E-02    2.12608205E-01    1.17313366E-02    1.10437005E-03    5.44157973E-04    0.00000000E+00    0.00000000E+00   
1.30771370E-02    1.02815999E-01    8.08746645E-02    3.57825215E-02    2.93186059E-02    2.85622862E-02    2.38189557E-02    2.12632776E-02    1.97349353E-02    1.85124417E-02    1.86004810E-02    1.85518064E-02    2.15950611E-02    3.04785441E-02    5.17012710E-02    6.03451885E-02    1.28192650E-01    7.98682657E-02    2.04700053E-01    1.08137553E-02    9.32586883E-04    4.59512986E-04    0.00000000E+00   
1.29747243E-02    1.00830109E-01    7.48332510E-02    4.11835619E-02    3.02961469E-02    2.52378732E-02    2.13559928E-02    1.92662518E-02    1.81126899E-02    1.83615392E-02    1.75379411E-02    1.80493777E-02    1.95106714E-02    2.21367341E-02    3.06053127E-02    5.19414736E-02    6.13733055E-02    1.30993442E-01    7.85276219E-02    1.95915998E-01    9.83097063E-03    7.53662663E-04    3.71348546E-04   
1.28592419E-02    9.87206048E-02    7.85643540E-02    3.64395397E-02    2.83091953E-02    2.33716073E-02    2.15386792E-02    1.88353637E-02    1.75351443E-02    1.68035018E-02    1.63846629E-02    1.66639238E-02    1.88671623E-02    1.99219714E-02    2.26865753E-02    3.07702596E-02    5.22033528E-02    6.24751605E-02    1.33722620E-01    7.71034190E-02    1.86861195E-01    8.79168542E-03    5.70779511E-04   
1.33181720E-02    1.00942765E-01    8.41774083E-02    3.37898781E-02    2.63877101E-02    2.37843117E-02    2.02468193E-02    1.78671920E-02    1.75431910E-02    1.67141919E-02    1.67174132E-02    1.65748995E-02    1.79016983E-02    1.96528471E-02    2.12774895E-02    2.43140753E-02    3.23923892E-02    5.48986124E-02    6.65529909E-02    1.42697995E-01    6.74777898E-02    1.61089750E-01    3.68041028E-03   
1.39754307E-02    1.04508416E-01    8.22441561E-02    3.91037764E-02    3.18718934E-02    2.50238127E-02    1.87297688E-02    1.77657994E-02    1.64974516E-02    1.61318552E-02    1.64447165E-02    1.66127678E-02    1.67873401E-02    1.85646314E-02    2.06753694E-02    2.30449784E-02    2.64193088E-02    3.46126204E-02    5.85576193E-02    7.19192176E-02    1.54342333E-01    1.20714604E-02    1.64095277E-01   
!IDEND=

